     14.130815	     50.180916	    328.50
     14.137365	     50.178806	    279.89
     14.128336	     50.178558	    300.60
     14.112722	     50.178394	    347.93
     14.130023	     50.178211	    294.41
     14.134793	     50.177753	    287.39
     14.126961	     50.177155	    310.24
     14.120803	     50.176926	    319.55
     14.113242	     50.176826	    347.59
     14.103867	     50.176350	    349.57
     14.123692	     50.175961	    331.24
     14.111374	     50.175594	    349.03
     14.122296	     50.175678	    340.38
     14.124057	     50.175152	    325.97
     14.112925	     50.175022	    351.50
     14.127420	     50.175045	    306.96
     14.113301	     50.173634	    354.22
     14.126607	     50.173553	    300.95
     14.111770	     50.173126	    353.50
     14.117441	     50.173168	    344.92
     14.102111	     50.172916	    353.54
     14.117514	     50.173035	    342.61
     14.100018	     50.172497	    355.98
     14.105974	     50.172272	    353.08
     14.128461	     50.171722	    312.94
     14.120550	     50.171619	    310.67
     14.096399	     50.171345	    356.48
     14.097595	     50.171040	    356.63
     14.108452	     50.170807	    333.17
     14.113570	     50.170441	    318.43
     14.102302	     50.170219	    353.56
     14.104405	     50.170055	    344.48
     14.138988	     50.170319	    354.58
     14.162581	     50.170490	    323.02
     14.127930	     50.170101	    355.48
     14.168954	     50.170403	    318.90
     14.103080	     50.169823	    348.55
     14.106930	     50.169849	    326.38
     14.174276	     50.170303	    305.99
     14.145928	     50.169830	    350.32
     14.116809	     50.169476	    305.50
     14.114575	     50.169102	    309.64
     14.141952	     50.169079	    356.54
     14.120391	     50.168873	    337.24
     14.166874	     50.169216	    311.96
     14.170029	     50.168968	    305.83
     14.154208	     50.168812	    343.73
     14.096247	     50.168285	    358.45
     14.098277	     50.168301	    355.95
     14.106957	     50.168366	    318.83
     14.111857	     50.168404	    308.99
     14.147281	     50.168625	    354.06
     14.130620	     50.168457	    359.79
     14.165623	     50.168713	    309.38
     14.094641	     50.168045	    357.47
     14.158625	     50.168529	    333.96
     14.126635	     50.168156	    360.99
     14.095631	     50.167561	    346.13
     14.150446	     50.167793	    350.47
     14.144637	     50.167660	    355.75
     14.129588	     50.167461	    360.97
     14.145481	     50.167442	    355.24
     14.107122	     50.167019	    319.54
     14.165505	     50.167454	    300.54
     14.174396	     50.167473	    288.32
     14.171806	     50.167408	    287.54
     14.126588	     50.166897	    374.15
     14.175732	     50.167122	    285.14
     14.098593	     50.166412	    321.93
     14.148644	     50.166790	    349.55
     14.155574	     50.166843	    332.33
     14.175527	     50.166851	    285.89
     14.133532	     50.166142	    361.49
     14.175814	     50.166447	    285.58
     14.095103	     50.165802	    327.13
     14.092937	     50.165604	    330.47
     14.126186	     50.165859	    367.89
     14.145228	     50.165913	    343.39
     14.173018	     50.166115	    291.01
     14.153770	     50.165886	    325.35
     14.151254	     50.165688	    329.34
     14.175755	     50.165729	    300.67
     14.122487	     50.165249	    359.44
     14.117940	     50.165077	    358.16
     14.175696	     50.165096	    329.25
     14.160579	     50.164898	    324.68
     14.168489	     50.164955	    300.90
     14.155470	     50.164772	    308.21
     14.125375	     50.164326	    357.10
     14.152883	     50.164528	    315.17
     14.099827	     50.164040	    324.68
     14.156386	     50.164421	    315.15
     14.136302	     50.163956	    341.85
     14.152473	     50.163986	    312.58
     14.152265	     50.163895	    311.81
     14.154227	     50.163773	    308.64
     14.128190	     50.163490	    340.92
     14.111882	     50.163277	    337.20
     14.143453	     50.163425	    323.77
     14.139539	     50.163082	    326.97
     14.123021	     50.162869	    337.51
     14.137585	     50.162754	    328.22
     14.122749	     50.162418	    337.64
     14.126811	     50.162357	    336.36
     14.149490	     50.162434	    314.66
     14.168183	     50.162346	    325.30
     14.150125	     50.162170	    318.23
     14.096861	     50.161724	    356.81
     14.151948	     50.162048	    323.03
     14.109676	     50.161461	    362.25
     14.174770	     50.161941	    327.95
     14.160703	     50.161797	    331.51
     14.156860	     50.161366	    331.32
     14.102968	     50.160828	    369.76
     14.112560	     50.160721	    355.17
     14.158480	     50.160835	    341.76
     14.149311	     50.160725	    340.69
     14.160862	     50.160675	    341.95
     14.129507	     50.160355	    337.21
     14.134059	     50.160252	    321.16
     14.136581	     50.160137	    319.22
     14.141480	     50.160171	    323.25
     14.138262	     50.160103	    321.54
     14.094378	     50.159725	    383.42
     14.146032	     50.160072	    333.95
     14.080313	     50.159481	    385.98
     14.086404	     50.159439	    354.93
     14.086337	     50.159256	    353.03
     14.096559	     50.159203	    381.60
     14.077176	     50.158779	    366.31
     14.097686	     50.158806	    382.11
     14.104964	     50.158863	    374.78
     14.113436	     50.158794	    340.63
     14.139404	     50.158855	    321.94
     14.099583	     50.158417	    381.32
     14.116240	     50.158546	    335.71
     14.090558	     50.158165	    388.30
     14.106655	     50.158291	    367.82
     14.096929	     50.158127	    385.23
     14.096230	     50.158077	    386.10
     14.139833	     50.158363	    319.25
     14.103869	     50.157551	    375.25
     14.073081	     50.156994	    367.04
     14.132923	     50.157276	    329.60
     14.108921	     50.156914	    368.03
     14.068054	     50.156323	    396.56
     14.089191	     50.156403	    390.51
     14.135943	     50.156757	    321.67
     14.116981	     50.156303	    340.20
     14.070723	     50.155895	    378.80
     14.141898	     50.156399	    351.10
     14.071006	     50.155720	    373.29
     14.087243	     50.155804	    390.62
     14.141552	     50.156216	    352.35
     14.133714	     50.156113	    323.50
     14.098232	     50.155800	    386.52
     14.101103	     50.155777	    378.44
     14.138825	     50.156059	    338.98
     14.148972	     50.156136	    352.81
     14.112170	     50.155319	    364.99
     14.139746	     50.155437	    330.04
     14.122043	     50.155125	    335.82
     14.109938	     50.154900	    371.93
     14.086850	     50.154362	    393.63
     14.097280	     50.154350	    384.36
     14.116459	     50.154274	    331.45
     14.136618	     50.154247	    329.95
     14.140680	     50.154053	    354.44
     14.099539	     50.153336	    355.65
     14.140900	     50.153557	    352.42
     14.104999	     50.153240	    342.60
     14.155248	     50.153572	    358.50
     14.144127	     50.153133	    353.98
     14.117186	     50.152840	    335.55
     14.141543	     50.152752	    354.02
     14.104455	     50.152428	    343.36
     14.095358	     50.152313	    366.45
     14.143366	     50.152588	    354.49
     14.149109	     50.152405	    359.02
     14.110411	     50.152069	    374.22
     14.098797	     50.151844	    360.47
     14.101875	     50.151871	    352.38
     14.135117	     50.152077	    332.47
     14.059332	     50.151352	    409.90
     14.057654	     50.151249	    410.11
     14.127081	     50.151341	    345.70
     14.091324	     50.150978	    394.85
     14.149898	     50.151329	    358.47
     14.057668	     50.150574	    412.26
     14.098258	     50.150715	    364.69
     14.080067	     50.150394	    402.90
     14.155363	     50.150967	    356.24
     14.085457	     50.150345	    398.15
     14.107712	     50.150383	    349.96
     14.111073	     50.150322	    347.43
     14.124299	     50.150375	    342.14
     14.157470	     50.150577	    356.05
     14.135709	     50.150280	    336.17
     14.153275	     50.150368	    356.24
     14.054823	     50.149338	    415.98
     14.061751	     50.149303	    411.71
     14.106539	     50.149521	    359.48
     14.056297	     50.149078	    415.54
     14.118647	     50.149479	    346.75
     14.100384	     50.149296	    352.69
     14.115852	     50.149235	    347.27
     14.063373	     50.148731	    411.71
     14.070374	     50.148609	    408.74
     14.115089	     50.148869	    347.45
     14.122929	     50.148792	    346.90
     14.150499	     50.148998	    357.69
     14.123559	     50.148750	    347.16
     14.136994	     50.148853	    342.34
     14.080946	     50.148376	    402.03
     14.153860	     50.148888	    356.10
     14.053450	     50.147976	    421.72
     14.114677	     50.148415	    348.92
     14.129862	     50.148529	    348.86
     14.128603	     50.148476	    353.14
     14.083262	     50.148037	    401.91
     14.102857	     50.148052	    385.20
     14.100619	     50.147945	    382.78
     14.141764	     50.148258	    358.00
     14.093554	     50.147800	    373.89
     14.057869	     50.147472	    419.55
     14.087331	     50.147484	    390.71
     14.149188	     50.147953	    355.83
     14.075787	     50.147346	    406.99
     14.151777	     50.147926	    356.72
     14.103081	     50.147293	    383.89
     14.123443	     50.147446	    355.85
     14.101753	     50.147190	    390.53
     14.137299	     50.147461	    349.27
     14.098185	     50.147118	    381.33
     14.145557	     50.147476	    356.55
     14.066842	     50.146690	    412.71
     14.081257	     50.146759	    402.53
     14.063625	     50.146530	    414.44
     14.108202	     50.146656	    355.50
     14.118977	     50.146740	    355.96
     14.132132	     50.146839	    358.41
     14.064751	     50.146271	    414.09
     14.114920	     50.146664	    353.64
     14.148648	     50.146824	    359.69
     14.101070	     50.146286	    394.24
     14.155369	     50.146694	    366.18
     14.095335	     50.146107	    389.93
     14.081487	     50.145683	    399.12
     14.067216	     50.145435	    414.10
     14.116964	     50.145824	    355.99
     14.118505	     50.145790	    362.05
     14.062460	     50.145306	    417.08
     14.105981	     50.145649	    369.34
     14.063722	     50.145184	    416.57
     14.143002	     50.145523	    358.74
     14.158536	     50.145637	    368.22
     14.145243	     50.145496	    360.13
     14.115087	     50.145226	    355.85
     14.125302	     50.145256	    356.82
     14.046802	     50.144459	    427.71
     14.150706	     50.145176	    371.96
     14.110055	     50.144825	    365.41
     14.097881	     50.144688	    398.76
     14.151688	     50.145092	    371.87
     14.070035	     50.144424	    413.01
     14.093688	     50.144386	    401.09
     14.120208	     50.144501	    367.91
     14.056468	     50.143955	    427.57
     14.114962	     50.144371	    356.41
     14.057941	     50.143787	    425.73
     14.117833	     50.144257	    371.28
     14.152399	     50.144424	    373.82
     14.115316	     50.144104	    360.68
     14.086631	     50.143837	    403.06
     14.124973	     50.144131	    364.75
     14.135540	     50.144119	    370.10
     14.063194	     50.143513	    421.04
     14.127010	     50.143696	    364.54
     14.055296	     50.143089	    427.91
     14.118475	     50.143585	    370.51
     14.103504	     50.143383	    377.96
     14.120717	     50.143425	    371.44
     14.085385	     50.143105	    405.76
     14.082799	     50.142952	    407.80
     14.081471	     50.142849	    408.84
     14.098544	     50.142941	    398.10
     14.102393	     50.142925	    382.19
     14.126322	     50.143105	    367.52
     14.085469	     50.142387	    407.14
     14.101141	     50.142510	    385.64
     14.128855	     50.142315	    379.05
     14.105208	     50.142048	    369.93
     14.055118	     50.141468	    423.88
     14.128173	     50.141365	    378.92
     14.099349	     50.141056	    393.42
     14.091731	     50.140591	    406.97
     14.118317	     50.140797	    385.15
     14.097190	     50.140545	    400.89
     14.141897	     50.140839	    382.95
     14.078934	     50.140179	    417.30
     14.097195	     50.140274	    401.02
     14.080824	     50.140102	    415.96
     14.099016	     50.140156	    399.53
     14.140644	     50.140469	    384.31
     14.106574	     50.140121	    371.57
     14.054454	     50.139664	    425.21
     14.130440	     50.139809	    389.45
     14.075101	     50.139336	    420.77
     14.082377	     50.139393	    416.08
     14.094061	     50.139488	    405.83
     14.097699	     50.139469	    401.89
     14.138209	     50.139641	    387.30
     14.145205	     50.139694	    382.46
     14.057972	     50.138660	    421.69
     14.081478	     50.138847	    416.94
     14.068399	     50.138607	    419.54
     14.082460	     50.138722	    417.08
     14.135214	     50.138901	    390.72
     14.054904	     50.138096	    423.75
     14.070158	     50.138084	    417.99
     14.082400	     50.138180	    416.47
     14.090731	     50.137978	    409.70
     14.079050	     50.137749	    416.53
     14.121940	     50.137814	    391.47
     14.083465	     50.137425	    415.17
     14.100325	     50.137558	    388.40
     14.112357	     50.137650	    396.75
     14.144892	     50.137714	    383.30
     14.061718	     50.136711	    419.55
     14.065076	     50.136738	    415.85
     14.121253	     50.137131	    399.36
     14.051506	     50.136539	    424.00
     14.068789	     50.136543	    412.51
     14.127833	     50.136913	    398.47
     14.084184	     50.136395	    415.69
     14.076633	     50.136112	    414.86
     14.140364	     50.136601	    387.54
     14.131062	     50.136395	    398.01
     14.108466	     50.136181	    402.22
     14.142536	     50.136391	    383.40
     14.074546	     50.135509	    415.05
     14.055662	     50.135132	    420.67
     14.127576	     50.135696	    401.01
     14.084905	     50.135277	    415.22
     14.117015	     50.135483	    402.45
     14.078122	     50.135090	    416.46
     14.090644	     50.135189	    412.58
     14.077575	     50.134411	    416.78
     14.092056	     50.134479	    413.05
     14.078208	     50.134235	    417.18
     14.121302	     50.134479	    405.22
     14.054781	     50.133686	    415.29
     14.139707	     50.134212	    385.47
     14.060102	     50.133507	    399.97
     14.127746	     50.134033	    398.82
     14.094314	     50.133507	    411.11
     14.127263	     50.133671	    399.10
     14.126075	     50.133617	    400.69
     14.104740	     50.133408	    406.25
     14.125167	     50.133518	    401.62
     14.124890	     50.133335	    401.76
     14.078723	     50.132935	    417.50
     14.111463	     50.133057	    403.94
     14.072711	     50.132664	    417.56
     14.092650	     50.132729	    413.03
     14.130495	     50.132885	    394.48
     14.146236	     50.132912	    378.66
     14.099929	     50.132515	    407.93
     14.081183	     50.132324	    417.42
     14.099580	     50.132469	    408.30
     14.132387	     50.132717	    391.75
     14.097972	     50.132412	    409.60
     14.107560	     50.132217	    406.36
     14.101760	     50.131901	    407.10
     14.132049	     50.132130	    390.31
     14.102180	     50.131859	    406.57
     14.090784	     50.131454	    414.03
     14.084350	     50.131359	    416.89
     14.117995	     50.131622	    402.97
     14.134996	     50.131615	    389.23
     14.080226	     50.131149	    418.12
     14.074561	     50.131058	    417.76
     14.071205	     50.130939	    417.11
     14.080934	     50.130749	    418.03
     14.135493	     50.131168	    388.67
     14.073320	     50.130104	    417.69
     14.076818	     50.130131	    418.18
     14.103476	     50.129936	    409.96
     14.104035	     50.129940	    409.98
     14.124329	     50.129601	    395.50
     14.118323	     50.129017	    403.57
     14.121263	     50.128948	    400.33
     14.104267	     50.128727	    411.89
     14.142041	     50.128879	    370.78
     14.092661	     50.128414	    413.77
     14.098118	     50.128365	    411.77
     14.142398	     50.128475	    370.16
     14.127716	     50.127960	    393.86
     14.113383	     50.127537	    409.03
     14.126815	     50.127552	    396.20
     14.107952	     50.126194	    415.52
     14.105929	     50.125908	    415.72
     14.125094	     50.126053	    397.80
     14.116074	     50.125805	    408.69
     14.125027	     50.125828	    397.92
     14.119782	     50.125744	    404.53
     14.104411	     50.124771	    415.66
     14.106724	     50.124565	    419.02
     14.120712	     50.124626	    402.98
     14.118615	     50.124565	    406.00
     14.103580	     50.124359	    414.27
     14.125826	     50.124214	    395.87
     14.103378	     50.123909	    415.11
     14.113473	     50.122726	    414.34
     14.112576	     50.122002	    414.70
     14.110410	     50.121941	    422.54
     14.118875	     50.121822	    402.68
     14.106917	     50.121643	    428.37
     14.115457	     50.121349	    410.44
     14.110928	     50.120369	    421.00
